[gd_scene load_steps=2 format=3 uid="uid://dssyqpeei4ix"]

[ext_resource type="PackedScene" uid="uid://cuv4e40sxs8yq" path="res://assets/3D Assets/Props/Roads/Road Pack.gltf" id="1_5af5x"]

[node name="Road Pack" instance=ExtResource("1_5af5x")]

[node name="Sketchfab_model" parent="." index="0"]
transform = Transform3D(-0.010471792, -0.9999451, 0, 0.78796756, -0.008251884, 0.6156615, -0.61562777, 0.0064470787, 0.7880108, -1.1670288, -1.4978461, -49.26459)

[node name="root" parent="Sketchfab_model" index="0"]
transform = Transform3D(0.6156818, 0.0047275005, 0.7879808, 0.0034905188, 0.99995583, -0.008726537, -0.78798753, 0.008123232, 0.6156381, -30.898457, -0.90087384, 39.18253)

[node name="Light pole_1" parent="Sketchfab_model/root/GLTF_SceneRootNode" index="1"]
visible = false

[node name="Pedestrian crossing_4" parent="Sketchfab_model/root/GLTF_SceneRootNode" index="4"]
visible = false

[node name="Road entrance_5" parent="Sketchfab_model/root/GLTF_SceneRootNode" index="5"]
visible = false

[node name="Crossroad_6" parent="Sketchfab_model/root/GLTF_SceneRootNode" index="6"]
visible = false

[node name="Traffic light_7" parent="Sketchfab_model/root/GLTF_SceneRootNode" index="7"]
visible = false

[node name="Traffic light_001_8" parent="Sketchfab_model/root/GLTF_SceneRootNode" index="8"]
visible = false

[node name="Traffic light_002_9" parent="Sketchfab_model/root/GLTF_SceneRootNode" index="9"]
visible = false

[node name="Traffic light_003_10" parent="Sketchfab_model/root/GLTF_SceneRootNode" index="10"]
visible = false

[node name="Stop sign_001_11" parent="Sketchfab_model/root/GLTF_SceneRootNode" index="11"]
visible = false

[node name="Short curve_12" parent="Sketchfab_model/root/GLTF_SceneRootNode" index="12"]
visible = false

[node name="Light pole_005_13" parent="Sketchfab_model/root/GLTF_SceneRootNode" index="13"]
visible = false

[node name="Light pole_006_14" parent="Sketchfab_model/root/GLTF_SceneRootNode" index="14"]
visible = false

[node name="Light_0" parent="Sketchfab_model" index="1"]
visible = false

[node name="Light_1" parent="Sketchfab_model" index="2"]
visible = false

[node name="Light_2" parent="Sketchfab_model" index="3"]
visible = false

[node name="Camera_0" parent="Sketchfab_model" index="4"]
visible = false

[node name="SpotLight3D" type="SpotLight3D" parent="." index="1"]
transform = Transform3D(1, 0, 0, 0, -0.03474256, 0.9993963, 0, -0.9993963, -0.03474256, 5.4052052, 6.9516354, 3.3101115)
light_color = Color(1, 1, 0.8235294, 1)
light_energy = 2.0
spot_range = 13.045097
spot_angle = 39.528015

[node name="SpotLight3D2" type="SpotLight3D" parent="." index="2"]
transform = Transform3D(1, 0, 0, 0, -0.03474256, 0.9993963, 0, -0.9993963, -0.03474256, 14.875887, 6.9709635, 3.3101115)
light_color = Color(1, 1, 0.8235294, 1)
light_energy = 2.0
spot_range = 13.531105
spot_angle = 41.395008
